b = [

0.010895 0.001434;
-1.598820 1.608133;
0.010147 0.005682;
-1.121430 1.909632;
0.011568 0.009452;
-0.872302 1.613272;
0.013732 0.014166;
1.210582 0.727617;
0.015472 0.015102;
0.717738 -1.122513;
0.015516 0.018919;
1.192101 0.726811;
0.019458 0.021494;
0.659946 -1.023175;
0.022598 0.023902;
0.988918 0.765422;
0.023695 0.024239;
-0.838388 1.079526;
0.028350 0.027873;
-0.996639 -0.741411;
0.030745 0.030370;
0.939364 0.770223;
0.033581 0.030672;
0.723542 -0.923427;
0.035407 0.029788;
-0.852211 1.002027;
0.042930 0.031707;
0.811010 0.792188;
0.043612 0.030280;
0.855765 0.829050;
0.047284 0.030275;
-0.902228 -0.850614;
0.050223 0.031110;
-0.865444 0.867680;
0.054424 0.028904;
-0.879990 -0.845084;
0.059189 0.029995;
-0.842340 -0.802619;
0.062762 0.028793;
0.773261 -0.810279;
0.064547 0.026355;
0.822114 -0.812806;
0.065038 0.025667;
0.794646 -0.824821;
0.068276 0.021958;
0.818395 -0.811132;
0.070307 0.019671;
0.850099 -0.803256;
0.070754 0.018843;
-0.821246 -0.857195;
0.074321 0.019352;
0.787007 0.811532;
0.075519 0.014887;
-0.878194 0.759822;
0.078481 0.010528;
-0.856950 0.739959;
0.079446 0.006474;
-0.734540 -0.897903;
0.083839 0.007051;
0.712364 0.795084;
0.050079 0.003326;
-0.625003 -0.545105;
0.049503 0.002484;
-0.634404 -0.553115;
0.048139 0.001442;
0.638030 -0.695195;
0.048559 0.002527;
0.756322 0.589977;
0.048365 0.002184;
0.604895 -0.727597;
0.050926 0.001862;
0.603310 -0.716558;
0.050874 0.001533;
-0.757565 -0.570234;
0.051631 0.000976;
-0.608433 0.803371;
0.052520 0.000233;
-0.794678 -0.627549;
0.053325 -0.000504;
-0.807937 -0.640422;
0.055511 0.000737;
-0.648555 0.855808;
0.055798 -0.000585;
-0.691902 0.883708;
0.059738 -0.000971;
-0.676702 0.857147;
0.060407 -0.002334;
-0.689150 0.860525;
0.063175 -0.004030;
-0.808047 -0.676674;
0.065117 -0.001535;
-0.844519 -0.670110;
0.068822 -0.001706;
0.826976 0.670849;
0.069343 -0.002761;
0.827250 0.691182;
0.069359 -0.005731;
0.799229 0.745210;
0.068944 -0.004181;
-0.891479 -0.742390;
0.071974 -0.004140;
-0.748750 0.877780;
0.076322 -0.007731;
0.732068 -0.762468;
0.075554 -0.006088;
-0.740977 0.847377;
0.078711 -0.006526;
0.725275 -0.797867;
0.079182 -0.004855;
0.799010 0.720121;
0.079971 -0.007100;
0.784859 0.739438;
0.080377 -0.006702;
-0.766210 0.813925;
0.083367 -0.010193;
0.718663 -0.747635;
0.082719 -0.006866;
-0.825843 -0.708040;
0.086062 -0.006182;
0.788561 0.719782;
-0.011444 -0.001007;
1.553394 1.209261;
-0.010325 0.002655;
1.562161 1.527665;
-0.010708 0.006411;
1.338823 1.467556;
-0.008273 0.012369;
1.512157 -1.095584;
-0.010161 0.016332;
0.913934 1.241742;
-0.007476 0.018918;
-1.142211 -1.454286;
-0.005670 0.024657;
1.132873 -0.931899;
-0.004115 0.027924;
-1.241323 0.847148;
-0.002671 0.033873;
0.802794 1.016767;
0.002007 0.036360;
0.760559 1.025173;
0.005773 0.037218;
-0.861699 -1.193453;
0.007644 0.042039;
-0.860112 -1.040194;
0.011582 0.045165;
0.925802 -0.844696;
0.014173 0.044647;
-1.081949 0.811488;
0.019365 0.048056;
-1.028890 0.786087;
0.024721 0.049895;
0.930301 -0.817173;
0.027831 0.050321;
0.752490 0.923433;
0.035319 0.049624;
0.932350 -0.752607;
0.037085 0.051206;
0.884186 -0.799480;
0.039475 0.050498;
-0.927743 0.785441;
0.047931 0.048440;
0.873372 -0.781380;
0.049206 0.047536;
0.745584 0.885454;
0.052486 0.045945;
-0.929706 0.796323;
0.058456 0.042562;
-0.907961 0.734266;
0.063384 0.040876;
0.718024 0.831324;
0.067489 0.036497;
0.864001 -0.761700;
0.069020 0.033164;
0.843588 -0.788158;
0.071469 0.031686;
0.806798 -0.770415;
0.073276 0.028931;
-0.862534 0.784557;
0.077824 0.022942;
0.800569 -0.779549;
0.028015 -0.025604;
0.090948 0.509038;
0.026545 -0.022949;
0.013795 0.557484;
0.027248 -0.020389;
0.846558 0.057167;
0.026588 -0.016416;
-0.100624 0.720735;
0.027536 -0.013998;
1.089725 0.074199;
0.027427 -0.009552;
-0.090382 0.993745;
0.027733 -0.008423;
-1.268926 -0.363605;
0.031054 -0.005857;
0.056610 -1.493426;
0.032287 -0.001615;
-0.134012 -1.587703;
0.034538 0.001244;
-0.251294 -1.536810;
0.036724 0.003815;
-0.384201 -1.486847;
0.038393 0.007676;
-1.364007 0.375971;
0.041894 0.007725;
0.459587 1.208078;
0.043085 0.007815;
-1.348397 0.417433;
0.050635 0.009498;
1.144592 -0.598884;
0.051294 0.009962;
1.164305 -0.652067;
0.052016 0.011796;
0.604631 1.087392;
0.057058 0.009927;
1.082980 -0.670619;
0.056687 0.012450;
0.641327 1.061344;
0.061370 0.010410;
0.603329 1.010830;
0.062131 0.006345;
-0.611368 -1.211232;
0.067374 0.009606;
0.988632 -0.707218;
0.069507 0.008969;
0.605104 0.956864;
0.070810 0.003796;
-0.615187 -1.099004;
0.075225 0.007655;
0.632151 0.902263;
0.075632 0.000192;
-0.595297 -1.050024;
0.079375 0.003210;
0.611825 0.860669;
0.078878 0.000792;
0.621443 0.877305;
0.080946 -0.003214;
0.588987 0.895063;
0.080659 -0.004031;
-0.932570 0.588246;
0.059357 0.003296;
-0.492234 -0.470522;
0.059924 0.006323;
-0.404427 0.602302;
0.060998 0.006490;
-0.527773 -0.429704;
0.062750 0.006055;
0.498777 -0.550473;
0.062970 0.005856;
-0.393998 0.608728;
0.064378 0.006114;
0.644659 0.482840;
0.066590 0.004288;
0.629754 0.486962;
0.068179 0.006038;
0.650268 0.486337;
0.069679 0.004153;
-0.548112 -0.468984;
0.072037 0.006167;
-0.431441 0.634891;
0.074698 0.007330;
-0.421404 0.649665;
0.075710 0.004434;
0.683641 0.523029;
0.075884 0.004322;
0.551787 -0.623070;
0.077872 0.004817;
-0.486097 0.675512;
0.081386 0.002483;
0.581738 -0.615403;
0.082488 0.005724;
0.544898 -0.645476;
0.083202 0.002685;
-0.646582 -0.529332;
0.083990 0.004929;
-0.527418 0.710466;
0.089095 0.003693;
0.563313 -0.643999;
0.086850 0.003207;
-0.661472 -0.562870;
0.090018 0.006935;
-0.522820 0.722629;
0.090894 0.003258;
0.730578 0.585567;
0.091794 0.002650;
0.730207 0.590251;
0.091565 0.000744;
0.622280 -0.677237;
0.093010 0.002054;
-0.680604 -0.593452;
0.094009 0.003018;
-0.587083 0.721063;
0.096336 0.000824;
0.609797 -0.669654;
0.095758 0.003600;
0.723464 0.598664;
0.092871 0.000574;
-0.640717 0.752735;
0.097394 -0.000445;
-0.603606 0.714665;
-0.005157 -0.018707;
0.724301 0.946174;
-0.004639 -0.012538;
-0.886353 -0.694985;
-0.005623 -0.010526;
1.687969 1.442136;
-0.004437 -0.005433;
-1.984207 3.535713;
-0.004716 -0.001036;
-5.730253 3.343636;
-0.004427 0.005038;
3.417996 2.644933;
-0.002055 0.006619;
-4.814452 3.165171;
-0.001401 0.012466;
-2.130041 -2.815923;
-0.000364 0.016812;
-2.542034 1.284506;
0.002718 0.020288;
1.849726 -1.227305;
0.002468 0.022468;
0.951954 1.811203;
0.005116 0.026202;
0.857458 1.670900;
0.006442 0.027996;
-1.961241 0.934798;
0.009719 0.033039;
0.754486 1.452020;
0.012918 0.034319;
1.431869 -0.907756;
0.014941 0.036567;
-0.900263 -1.631326;
0.015346 0.039909;
-1.539830 0.755090;
0.019363 0.041481;
0.669617 1.321515;
0.024278 0.042373;
1.284171 -0.782762;
0.024309 0.043706;
1.252144 -0.849012;
0.027863 0.043700;
1.299124 -0.828814;
0.029890 0.044349;
-0.800493 -1.441199;
0.032993 0.047270;
-0.776368 -1.343810;
0.034799 0.047725;
-1.297255 0.675297;
0.038115 0.047579;
-1.301797 0.644163;
0.045115 0.051045;
0.563276 1.058548;
0.045678 0.048879;
0.608815 1.095946;
0.047904 0.045725;
0.576131 1.122478;
0.050085 0.044862;
0.572533 1.105235;
0.054499 0.043371;
-1.216332 0.527431;
0.017120 -0.014435;
0.016107 -1.295836;
0.016830 -0.009858;
1.387967 -0.254282;
0.018429 -0.006699;
-0.211745 -1.596098;
0.018861 -0.004090;
1.493546 -0.489710;
0.018970 -0.002504;
1.594559 -0.509630;
0.018435 -0.000001;
1.800630 -0.711978;
0.019477 0.002815;
-0.942945 -1.981143;
0.022028 0.005128;
-0.947131 -1.818256;
0.023656 0.008472;
-1.149758 -1.611165;
0.025849 0.010604;
-1.598833 0.982295;
0.029106 0.012376;
-1.488198 0.923125;
0.033268 0.014953;
-1.322602 0.901883;
0.037178 0.013794;
1.150160 -0.920203;
0.037440 0.014606;
-1.352125 0.882539;
0.041399 0.015610;
1.105165 -0.961848;
0.041779 0.016845;
-1.069174 -1.169017;
0.045468 0.017014;
-1.050401 -1.156465;
0.048537 0.016832;
-1.026478 -1.106461;
0.049961 0.016260;
-1.010295 -1.128005;
0.054731 0.017780;
-1.079295 0.914595;
0.055275 0.014546;
-1.111532 0.886256;
0.061269 0.013836;
0.777524 0.952008;
0.062077 0.010656;
0.793058 1.012352;
0.062948 0.006482;
