a = [
-0.035034 0.009338;
-0.509311 0.389154;
-0.034063 0.013974;
-0.475329 0.442030;
-0.033732 0.017870;
-0.449500 0.491244;
-0.034643 0.023206;
0.590941 0.489930;
-0.033073 0.026841;
0.555365 -0.579001;
-0.032420 0.031019;
0.679423 0.494028;
-0.031011 0.035048;
0.547208 -0.642747;
-0.029932 0.039594;
0.722003 0.527923;
-0.027271 0.041887;
-0.517911 0.738762;
-0.024190 0.046242;
-0.705220 -0.585824;
-0.025275 0.052313;
0.754386 0.574740;
-0.022487 0.054291;
0.586099 -0.731417;
-0.020277 0.057810;
-0.579294 0.792410;
-0.016832 0.061272;
0.759265 0.631689;
-0.014214 0.063805;
0.766715 0.638921;
-0.010055 0.063921;
-0.795847 -0.689956;
-0.008416 0.067091;
-0.694127 0.804818;
-0.004208 0.071009;
-0.783077 -0.672191;
-0.001686 0.074655;
-0.769522 -0.663178;
0.001867 0.076862;
0.674278 -0.754812;
0.005567 0.074553;
0.740148 -0.787841;
0.008781 0.076655;
0.712470 -0.757979;
0.011710 0.078962;
0.694892 -0.769279;
0.015339 0.077792;
0.742232 -0.780220;
0.017413 0.078598;
-0.784912 -0.719618;
0.019296 0.079893;
0.789502 0.724976;
0.023991 0.077214;
-0.780828 0.781220;
0.027543 0.078096;
-0.746997 0.782354;
0.033397 0.076103;
-0.750440 -0.797134;
0.035752 0.081485;
0.732811 0.717499;
0.011536 -0.024567;
0.511605 -1.050456;
0.010641 -0.021507;
0.709523 -1.147660;
0.010387 -0.016676;
1.354256 0.551815;
0.009421 -0.013473;
-0.967330 1.141533;
0.011988 -0.010610;
1.852211 0.604688;
0.011660 -0.007814;
2.330763 0.698164;
0.012326 -0.003934;
0.557458 -3.429129;
0.011836 -0.000846;
-3.823079 -0.609041;
0.015087 0.002648;
-0.771134 -3.280132;
0.015666 0.007487;
-1.455163 -2.815332;
0.015735 0.010053;
-2.785725 1.259932;
0.018572 0.011676;
-2.551826 1.135932;
0.020017 0.015705;
-2.200865 1.260106;
0.022245 0.019211;
-1.901148 1.242270;
0.025909 0.021692;
-1.287243 -1.617698;
0.026970 0.023338;
-1.278329 -1.614314;
0.028309 0.027437;
1.029133 1.343429;
0.030380 0.028703;
0.982928 1.318553;
0.031734 0.030531;
0.946495 1.283527;
0.034204 0.030445;
-1.169803 -1.418448;
0.034387 0.035542;
-1.340241 1.065731;
0.039023 0.036915;
1.094884 -0.978221;
0.037732 0.035938;
-1.328270 1.011701;
0.042201 0.037596;
1.111745 -0.970221;
0.041809 0.040471;
0.862062 1.086214;
0.042619 0.040409;
0.857166 1.097631;
0.043501 0.039968;
-1.253799 0.900518;
0.048329 0.041328;
1.018431 -0.877038;
0.046012 0.042248;
-1.024194 -1.122078;
0.048107 0.045410;
0.842416 1.028758;
0.054657 0.008453;
-0.406217 0.664118;
0.053936 0.007247;
0.687021 0.486937;
0.053276 0.005737;
0.520397 -0.634798;
0.053730 0.005500;
-0.422497 0.731014;
0.053536 0.003948;
-0.668449 -0.453683;
0.054785 0.004459;
0.773849 0.496098;
0.054066 0.002206;
-0.463645 0.782293;
0.056161 0.001252;
0.542299 -0.717268;
0.056775 -0.000902;
0.550361 -0.720214;
0.057120 0.000573;
-0.791014 -0.503838;
0.058999 -0.000148;
-0.794831 -0.509144;
0.062820 -0.000631;
0.805882 0.556090;
0.062523 -0.000879;
0.865354 0.595722;
0.064779 -0.004499;
-0.798312 -0.554270;
0.067375 -0.003577;
0.838174 0.615016;
0.067185 -0.006641;
0.645106 -0.787639;
0.067711 -0.004753;
0.607435 -0.824139;
0.067879 -0.005921;
-0.876600 -0.635188;
0.073294 -0.005031;
-0.620326 0.869549;
0.074717 -0.007967;
0.623372 -0.811532;
0.073828 -0.007332;
-0.677556 0.904360;
0.076046 -0.010396;
-0.824371 -0.667387;
0.078891 -0.008525;
0.631454 -0.811413;
0.079029 -0.005251;
0.877062 0.666728;
0.080019 -0.008653;
-0.660853 0.859457;
0.082337 -0.011468;
0.795234 0.705725;
0.082272 -0.011654;
0.793324 0.717129;
0.080804 -0.012643;
-0.829749 -0.714365;
0.083791 -0.013163;
0.696213 -0.774749;
0.084256 -0.010855;
0.823907 0.687395;
-0.014069 -0.010284;
-0.243242 0.131639;
-0.014478 -0.005929;
-0.161204 -0.466955;
-0.014317 -0.002566;
-0.719335 0.616351;
-0.013344 0.000879;
0.646927 1.515916;
-0.012513 0.005281;
-1.694539 0.470372;
-0.013775 0.010298;
-1.645938 0.061133;
-0.012178 0.014969;
-0.534908 1.761534;
-0.011394 0.019540;
-1.602031 -0.561424;
-0.012959 0.024985;
1.252161 0.703185;
-0.011286 0.026409;
1.318633 0.824130;
-0.009876 0.029082;
-0.936580 1.461928;
-0.008931 0.035259;
0.795746 -1.152189;
-0.008884 0.037837;
1.108548 0.928194;
-0.007525 0.040490;
1.073325 0.936425;
-0.005004 0.043348;
-1.179022 -0.941993;
-0.005082 0.047793;
0.866857 -1.052948;
-0.006397 0.049324;
1.036344 0.937981;
-0.004534 0.050253;
-1.010911 1.117937;
-0.002512 0.056132;
0.875938 -0.958097;
-0.004119 0.056171;
0.979979 0.935201;
-0.001389 0.057157;
-1.044583 1.004435;
-0.000022 0.060497;
0.886673 0.959715;
0.002408 0.063085;
-0.965551 -0.949182;
0.000164 0.064105;
0.913828 0.904623;
0.001303 0.065832;
0.888952 0.926355;
0.003839 0.067323;
0.852999 0.945458;
0.005478 0.065890;
-1.056349 0.907251;
0.007788 0.068978;
-0.895373 -0.965822;
0.006703 0.070158;
-0.936493 -0.937365;
0.005717 0.071256;
-0.971120 0.864551;
0.022491 0.006531;
-1.449578 -0.718833;
0.021831 0.008945;
1.284953 0.856248;
0.022511 0.010995;
-0.812226 1.427392;
0.024011 0.015275;
1.194290 0.714444;
0.026531 0.016662;
1.085643 0.725911;
0.025759 0.019885;
1.132951 0.673271;
0.028054 0.021019;
-1.183905 -0.558444;
0.030428 0.024853;
0.549626 -1.016732;
0.030422 0.025980;
-0.664687 1.185030;
0.033104 0.028564;
-1.072580 -0.553619;
0.034215 0.031176;
-1.090327 -0.555243;
0.034432 0.033283;
-0.605437 1.143330;
0.040225 0.033232;
-1.016756 -0.619844;
0.040822 0.036487;
-0.631451 1.050681;
0.044995 0.038543;
0.911030 0.686595;
0.047739 0.038791;
0.887758 0.689077;
0.046827 0.039153;
-0.688363 0.992600;
0.051656 0.039743;
-0.920454 -0.673713;
0.052368 0.040478;
-0.712270 0.938776;
0.055344 0.042000;
-0.901074 -0.657311;
0.058102 0.042897;
0.663153 -0.828781;
0.056785 0.042689;
-0.720353 0.944754;
0.060983 0.041047;
-0.894004 -0.714041;
0.063310 0.043260;
0.686245 -0.840052;
0.062298 0.042330;
-0.884723 -0.711346;
0.065956 0.044262;
0.831731 0.741831;
0.067733 0.042791;
0.790790 0.743921;
0.064562 0.040856;
-0.886428 -0.755541;
0.068896 0.044236;
-0.860165 -0.707307;
0.068711 0.043417;
-0.752531 0.858738;
-0.037659 -0.001923;
0.776911 0.648433;
-0.036085 0.001071;
0.624095 -0.833488;
-0.036137 0.003913;
-0.885067 -0.624668;
-0.037786 0.008577;
0.629505 -0.803402;
-0.036690 0.011682;
-0.892472 -0.622420;
-0.037373 0.014901;
0.878685 0.654768;
-0.036458 0.016628;
-0.683854 0.968082;
-0.035840 0.022979;
0.856950 0.735672;
-0.033009 0.025482;
0.924940 0.781217;
-0.033178 0.029485;
0.731611 -0.894573;
-0.033746 0.031104;
0.940530 0.764715;
-0.031824 0.034694;
-0.857571 0.967457;
-0.032594 0.038696;
0.897332 0.797176;
-0.027728 0.041925;
-0.938197 0.924663;
-0.026765 0.047005;
0.849562 0.863572;
-0.024337 0.048871;
-0.956836 -0.891114;
-0.025926 0.052946;
0.854704 0.848898;
-0.021425 0.052998;
-0.984830 0.923119;
-0.019978 0.056238;
-0.975540 0.904189;
-0.015471 0.059991;
-0.879920 -0.968011;
-0.015235 0.061962;
-0.925588 -0.909857;
-0.014108 0.065230;
-0.914011 0.831099;
-0.008658 0.068017;
0.868187 -0.837420;
-0.008229 0.069469;
0.776482 0.886857;
-0.002401 0.069976;
0.889220 -0.834226;
0.000854 0.071961;
0.882528 -0.791273;
0.001277 0.072559;
0.778518 0.901890;
0.006987 0.071203;
-1.001451 0.746258;
0.010217 0.075362;
0.873930 -0.766109;
0.013399 0.072864;
-0.786149 -1.003607;
-0.030518 0.006195;
0.210911 0.133962;
-0.030741 0.012343;
0.393799 0.205879;
-0.028473 0.017656;
0.386834 0.384596;
-0.025150 0.022839;
-0.325268 0.274667;
-0.025760 0.028588;
0.732186 -0.065985;
-0.022222 0.033961;
0.803308 0.012047;
-0.018524 0.039232;
0.846475 0.120335;
-0.014715 0.041052;
-0.771562 0.026164;
-0.012185 0.047556;
-0.768324 -0.037053;
-0.009886 0.052887;
-0.099529 0.916536;
-0.005973 0.055546;
-0.171088 0.952415;
0.000872 0.057631;
-0.829069 -0.242274;
0.007258 0.063536;
-0.779258 -0.295956;
0.009982 0.063874;
-0.843138 -0.331764;
0.014794 0.067693;
-0.819363 -0.357545;
0.021341 0.070339;
0.459498 -0.744616;
0.022854 0.069605;
-0.835725 -0.415616;
0.027587 0.073064;
-0.809259 -0.412847;
0.032446 0.074275;
0.825522 0.517620;
0.037855 0.071361;
-0.784096 -0.476806;
0.042528 0.072793;
0.817557 0.540021;
0.048173 0.069088;
-0.783802 -0.548777;
